harmony_ip: 192.168.178.24

home_lat: 50.600359
home_long: -3.461708
casino_lat: 50.467540
casino_long: -3.534955
tash_work_lat: 50.705077
tash_work_long: -3.473494
jon_work_lat: 51.451353
jon_work_long: 2.595312